image 330 512
partie leg_l body 0 0.01212 0.00000 0.50303 0.48242 0.40000 0.42000
anim leg_l 0.4 -5 4 -1 -2 0
partie leg_r body 0 0.47576 0.00000 0.40303 0.99805 0.62000 0.42000
anim leg_r -0.4 6 -3 1 2 0
partie body - 1 0.23636 0.31445 0.45152 0.58789 0.50000 0.44000
anim body 0.5 -7 8 -3 -5 0
partie head body 2 0.30606 0.75586 0.26970 0.19531 0.44000 0.82000
anim head -0.8 -5 12 -4 -3 0
partie arm_l body 3 0.00303 0.34180 0.99697 0.57812 0.30000 0.74000
anim arm_l 1.2 -30 10 -12 -20 0
partie arm_r body 4 0.57576 0.33203 0.41515 0.63281 0.66000 0.74000
anim arm_r -1.2 -34 12 -14 -24 0
