image 243 512
partie leg_l body 0 0.09465 0.00195 0.47737 0.26172 0.48000 0.22000
anim leg_l 0.4 -5 4 -1 -2 0
partie leg_r body 0 0.54321 0.02734 0.45267 0.23633 0.66000 0.22000
anim leg_r -0.4 6 -3 1 2 0
partie body - 1 0.07819 0.13477 0.85185 0.64844 0.56000 0.24000
anim body 0.5 -8 9 -3 -6 0
partie head body 2 0.36214 0.68555 0.46091 0.31445 0.58000 0.76000
anim head -1 -6 13 -4 -3 0
partie arm_sword body 3 0.00000 0.33203 0.48971 0.63086 0.34000 0.66000
anim arm_sword 1.3 -32 11 -12 -22 0
partie arm_r body 4 0.61317 0.30859 0.33333 0.43750 0.74000 0.64000
anim arm_r -1.3 14 -16 8 12 0
