image 285 512
partie leg_l body 0 0.26667 0.02930 0.24211 0.29297 0.44000 0.28000
anim leg_l 0.4 -5 4 -1 -2 0
partie leg_r body 0 0.46316 0.00195 0.37544 0.32031 0.56000 0.28000
anim leg_r -0.4 6 -3 1 2 0
partie body - 1 0.16842 0.15234 0.63509 0.68750 0.50000 0.30000
anim body 0.6 -7 9 -3 -5 0
partie head body 2 0.23860 0.68555 0.47018 0.29688 0.50000 0.74000
anim head -1 -5 14 -4 -3 0
partie arm_bow body 3 0.55439 0.29297 0.44211 0.70508 0.66000 0.68000
anim arm_bow -1.5 -26 -16 -10 -30 0
partie arm_free body 4 0.02807 0.29883 0.43158 0.51758 0.36000 0.68000
anim arm_free 1.5 20 10 8 14 0
