image 280 512
partie leg_l body 0 0.26071 0.00000 0.25714 0.30273 0.44000 0.26000
anim leg_l 0.4 -4 4 -1 -2 0
partie leg_r body 0 0.47500 0.01172 0.34643 0.29102 0.58000 0.26000
anim leg_r -0.4 5 -3 1 2 0
partie body - 1 0.21429 0.08984 0.60357 0.65234 0.50000 0.28000
anim body 0.7 -6 9 -4 -7 0
partie head body 2 0.19643 0.66602 0.61071 0.33398 0.52000 0.70000
anim head -1.2 -5 14 -6 -5 0
partie arm_staff body 3 0.00714 0.13672 0.38214 0.66602 0.30000 0.60000
anim arm_staff 1.2 -12 8 -16 -22 0
partie arm_free body 4 0.00357 0.39453 0.99643 0.28906 0.70000 0.60000
anim arm_free -1.5 -8 -14 -34 -46 0
